POLYGON ((108.9782 34.2695, 108.97755 34.26959, 108.97737 34.26962, 108.97835 34.26955, 108.97821 34.2695, 108.9782 34.2695))	2018-11-17 19:10:35	2018-11-17 19:12:40
POLYGON ((108.93901 34.22137, 108.93899 34.22163, 108.93906 34.22213, 108.93908 34.22224, 108.93906 34.22171, 108.93901 34.22137))	2018-11-17 11:38:36	2018-11-17 11:40:43
POLYGON ((108.94624 34.21819, 108.94592 34.2182, 108.94682 34.21861, 108.94677 34.21842, 108.94662 34.21831, 108.94644 34.21825, 108.94624 34.21819))	2018-11-30 10:21:30	2018-11-30 10:24:24
POLYGON ((108.9471 34.26512, 108.94702 34.26536, 108.94701 34.26541, 108.94703 34.26565, 108.94706 34.26588, 108.94709 34.26597, 108.94711 34.26601, 108.9471 34.26512))	2018-11-30 15:10:32	2018-11-30 15:12:35
POLYGON ((108.94696 34.26501, 108.94688 34.26507, 108.94687 34.2651, 108.94687 34.26511, 108.947 34.26589, 108.94699 34.26564, 108.94696 34.26501))	2018-11-30 22:36:14	2018-11-30 22:38:21
POLYGON ((108.99575 34.26861, 108.9956 34.26903, 108.99547 34.26942, 108.99599 34.26942, 108.99602 34.26941, 108.99575 34.26861))	2018-11-15 07:33:19	2018-11-15 07:36:20
POLYGON ((108.92415 34.23834, 108.92415 34.23838, 108.92497 34.23841, 108.92498 34.23841, 108.92518 34.23837, 108.9242 34.23834, 108.92415 34.23834))	2018-11-15 17:33:59	2018-11-15 17:36:23
POLYGON ((108.97669 34.22358, 108.97672 34.2236, 108.97684 34.22366, 108.977 34.22374, 108.97736 34.2239, 108.97762 34.224, 108.97751 34.22395, 108.97669 34.22358))	2018-11-15 18:01:40	2018-11-15 18:04:29
POLYGON ((108.96385 34.23125, 108.96377 34.2318, 108.96376 34.23197, 108.96376 34.23198, 108.96377 34.23199, 108.96381 34.23199, 108.96386 34.2319, 108.96385 34.23125))	2018-11-28 13:53:18	2018-11-28 13:56:34
POLYGON ((108.92343 34.24382, 108.92342 34.24391, 108.92352 34.24462, 108.92355 34.24464, 108.92359 34.24451, 108.92359 34.24443, 108.92358 34.24437, 108.92347 34.24394, 108.92343 34.24382))	2018-11-28 08:13:19	2018-11-28 08:15:52
POLYGON ((108.99248 34.22416, 108.9921 34.22474, 108.99205 34.22482, 108.99199 34.22493, 108.99218 34.22469, 108.99225 34.22458, 108.99248 34.22416))	2018-11-28 08:34:27	2018-11-28 08:37:51
POLYGON ((108.9724 34.25005, 108.97238 34.25084, 108.97246 34.25083, 108.97247 34.25082, 108.97247 34.2508, 108.9724 34.25005))	2018-11-17 09:19:36	2018-11-17 09:22:15
POLYGON ((108.95417 34.25083, 108.95408 34.25093, 108.95401 34.25108, 108.95399 34.25123, 108.95398 34.25136, 108.95397 34.25159, 108.95396 34.25229, 108.95398 34.25241, 108.95406 34.25243, 108.95409 34.25241, 108.9541 34.25238, 108.95417 34.25083))	2018-11-17 08:49:00	2018-11-17 08:52:06
POLYGON ((108.97503 34.25537, 108.97304 34.25555, 108.97366 34.25555, 108.97483 34.25553, 108.97487 34.25552, 108.9749 34.25551, 108.97502 34.25545, 108.97504 34.25539, 108.97504 34.25538, 108.97503 34.25537))	2018-11-17 18:41:19	2018-11-17 18:44:02
POLYGON ((108.96329 34.25107, 108.96328 34.25153, 108.96328 34.25185, 108.96329 34.25139, 108.96329 34.25107))	2018-11-17 19:05:48	2018-11-17 19:07:51
POLYGON ((108.93182 34.21213, 108.93172 34.21271, 108.93173 34.21296, 108.93181 34.21252, 108.93182 34.21242, 108.93182 34.21213))	2018-11-25 15:31:58	2018-11-25 15:35:43
POLYGON ((108.94709 34.2698, 108.9471 34.2705, 108.94711 34.27069, 108.94711 34.27059, 108.9471 34.26991, 108.94709 34.2698))	2018-11-25 15:54:49	2018-11-25 15:57:37
POLYGON ((108.96004 34.27666, 108.95858 34.27682, 108.95815 34.27687, 108.95827 34.27688, 108.95828 34.27688, 108.95984 34.27677, 108.96007 34.27672, 108.96004 34.27666))	2018-11-17 17:59:13	2018-11-17 18:01:24
POLYGON ((108.97253 34.27036, 108.97253 34.27108, 108.97254 34.27124, 108.97256 34.27125, 108.97258 34.27124, 108.97258 34.27123, 108.97253 34.27036))	2018-11-30 17:27:01	2018-11-30 17:29:23
POLYGON ((108.95384 34.24026, 108.9538 34.24027, 108.95335 34.24103, 108.95337 34.24107, 108.95385 34.24184, 108.95389 34.24033, 108.95388 34.24027, 108.95384 34.24026))	2018-11-30 18:03:57	2018-11-30 18:06:16
POLYGON ((108.98271 34.22486, 108.98264 34.22488, 108.98143 34.22545, 108.98217 34.22584, 108.98228 34.22584, 108.98233 34.22576, 108.98252 34.22541, 108.98273 34.22489, 108.98273 34.22487, 108.98271 34.22486))	2018-11-30 09:09:18	2018-11-30 09:14:03
POLYGON ((108.94497 34.22277, 108.94454 34.22278, 108.94523 34.22281, 108.9456 34.22278, 108.94504 34.22277, 108.94497 34.22277))	2018-11-17 17:55:36	2018-11-17 18:00:24
POLYGON ((108.94687 34.2248, 108.94687 34.22524, 108.94688 34.22563, 108.94739 34.22558, 108.94687 34.2248))	2018-11-17 18:04:24	2018-11-17 18:06:39
POLYGON ((108.93902 34.2583, 108.93903 34.25909, 108.93906 34.25918, 108.93909 34.25902, 108.93909 34.25887, 108.93908 34.25875, 108.93902 34.2583))	2018-11-17 19:35:59	2018-11-17 19:39:05
POLYGON ((108.96228 34.25098, 108.9633 34.25115, 108.96328 34.25112, 108.96322 34.25105, 108.96316 34.25101, 108.96313 34.251, 108.96288 34.25098, 108.96228 34.25098))	2018-11-22 11:02:31	2018-11-22 11:04:46
POLYGON ((108.92217 34.22168, 108.92232 34.22194, 108.92257 34.22232, 108.92265 34.22244, 108.92266 34.22245, 108.9227 34.22243, 108.92217 34.22168))	2018-11-22 17:31:54	2018-11-22 17:34:24
POLYGON ((108.94472 34.24116, 108.94452 34.24117, 108.94506 34.2412, 108.94557 34.2412, 108.94544 34.24119, 108.94474 34.24116, 108.94472 34.24116))	2018-11-22 17:55:50	2018-11-22 17:57:57
POLYGON ((108.97217 34.24038, 108.97165 34.24112, 108.97202 34.24113, 108.97207 34.24113, 108.97212 34.24108, 108.97214 34.24091, 108.97217 34.24038))	2018-11-22 18:19:35	2018-11-22 18:22:15
POLYGON ((108.93907 34.23071, 108.93905 34.23147, 108.93905 34.23152, 108.93911 34.23219, 108.93916 34.23226, 108.93924 34.23227, 108.93968 34.23147, 108.93969 34.23144, 108.93907 34.23071))	2018-11-25 14:09:43	2018-11-25 14:11:55
POLYGON ((108.94287 34.2411, 108.94264 34.24113, 108.94368 34.24116, 108.94371 34.24114, 108.94348 34.24112, 108.94291 34.2411, 108.94287 34.2411))	2018-11-25 15:18:20	2018-11-25 15:20:46
POLYGON ((108.9469 34.27713, 108.9469 34.27715, 108.94697 34.2775, 108.94714 34.27795, 108.94719 34.27756, 108.94713 34.27723, 108.94709 34.27721, 108.94695 34.27714, 108.94691 34.27713, 108.9469 34.27713))	2018-11-30 07:10:21	2018-11-30 07:13:04
POLYGON ((108.93901 34.25931, 108.93793 34.25934, 108.93808 34.25935, 108.93824 34.25935, 108.93877 34.25934, 108.93892 34.25933, 108.93901 34.25931))	2018-11-22 15:48:41	2018-11-22 15:50:45
POLYGON ((108.94386 34.26437, 108.9442 34.26451, 108.94423 34.26452, 108.94446 34.26452, 108.94493 34.26449, 108.946 34.26441, 108.94386 34.26437))	2018-11-30 10:51:50	2018-11-30 10:55:38
POLYGON ((108.94696 34.24242, 108.94691 34.24262, 108.94691 34.24313, 108.94697 34.24323, 108.947 34.24309, 108.94696 34.24242))	2018-11-25 19:48:24	2018-11-25 19:52:31
POLYGON ((108.96206 34.23552, 108.96083 34.23556, 108.96059 34.23557, 108.96026 34.23564, 108.96054 34.23565, 108.96094 34.23566, 108.96125 34.23566, 108.9623 34.23556, 108.96228 34.23554, 108.96224 34.23552, 108.96206 34.23552))	2018-11-17 17:54:33	2018-11-17 18:01:54
POLYGON ((108.97226 34.26422, 108.97223 34.2646, 108.97223 34.26478, 108.97226 34.26567, 108.97231 34.26574, 108.97236 34.26575, 108.9724 34.26575, 108.97241 34.26564, 108.97239 34.26494, 108.97226 34.26422))	2018-11-22 01:13:22	2018-11-22 01:15:25
POLYGON ((108.9565 34.21105, 108.9565 34.21134, 108.95651 34.21147, 108.95652 34.21154, 108.95653 34.21158, 108.95655 34.2116, 108.95664 34.21166, 108.95673 34.2117, 108.95706 34.21172, 108.9565 34.21105))	2018-11-22 12:03:21	2018-11-22 12:05:27
POLYGON ((108.97278 34.2342, 108.97274 34.23426, 108.97269 34.23434, 108.97258 34.23452, 108.97251 34.23464, 108.97242 34.23482, 108.97239 34.23493, 108.97238 34.23497, 108.97238 34.23499, 108.97278 34.2342))	2018-11-22 15:31:35	2018-11-22 15:33:59
POLYGON ((108.96341 34.24984, 108.96331 34.25048, 108.96334 34.25053, 108.96338 34.25059, 108.96341 34.24984))	2018-11-25 11:57:00	2018-11-25 11:59:18
POLYGON ((108.98463 34.22186, 108.98453 34.222, 108.98444 34.22214, 108.9842 34.22252, 108.98417 34.2226, 108.98417 34.22262, 108.98418 34.22266, 108.9842 34.22265, 108.98463 34.22186))	2018-11-17 12:43:53	2018-11-17 12:49:03
POLYGON ((108.92859 34.23828, 108.92856 34.23829, 108.92855 34.23834, 108.92855 34.23835, 108.92856 34.23836, 108.93048 34.23836, 108.93032 34.23835, 108.92943 34.2383, 108.92859 34.23828))	2018-11-30 11:37:01	2018-11-30 11:40:44
POLYGON ((108.99057 34.20915, 108.99058 34.20918, 108.99059 34.20919, 108.99161 34.20925, 108.99162 34.20925, 108.99164 34.20922, 108.9916 34.20921, 108.99154 34.2092, 108.99057 34.20915))	2018-11-30 20:29:52	2018-11-30 20:31:59
POLYGON ((108.98409 34.21273, 108.98445 34.21323, 108.98461 34.21343, 108.98448 34.21321, 108.98409 34.21273))	2018-11-25 16:18:43	2018-11-25 16:20:44
POLYGON ((108.98795 34.25995, 108.98793 34.25996, 108.98793 34.25997, 108.98799 34.26018, 108.98822 34.2605, 108.98843 34.26069, 108.98823 34.26015, 108.98799 34.25997, 108.98795 34.25995))	2018-11-30 15:51:53	2018-11-30 15:53:57
POLYGON ((108.94701 34.27031, 108.9471 34.27116, 108.94709 34.27092, 108.94707 34.27045, 108.94701 34.27031))	2018-11-22 18:46:18	2018-11-22 18:48:55
POLYGON ((108.94673 34.23012, 108.94672 34.23101, 108.94673 34.23087, 108.94674 34.23058, 108.94674 34.23024, 108.94673 34.23012))	2018-11-17 17:35:29	2018-11-17 17:38:05
POLYGON ((108.96651 34.20727, 108.96557 34.20831, 108.96581 34.20831, 108.96649 34.2083, 108.96651 34.20727))	2018-11-25 21:26:44	2018-11-25 21:30:14
POLYGON ((108.94702 34.24014, 108.94698 34.24086, 108.94698 34.24089, 108.94699 34.24097, 108.94701 34.24087, 108.94703 34.24045, 108.94703 34.24031, 108.94702 34.24014))	2018-11-17 13:38:44	2018-11-17 13:40:51
POLYGON ((108.92327 34.24642, 108.92324 34.2473, 108.92325 34.24727, 108.92326 34.24711, 108.92327 34.24682, 108.92327 34.24642))	2018-11-17 17:13:06	2018-11-17 17:15:22
POLYGON ((108.99 34.23747, 108.98968 34.23804, 108.98963 34.23814, 108.98961 34.23828, 108.98993 34.23766, 108.99 34.23747))	2018-11-25 12:01:51	2018-11-25 12:03:54
POLYGON ((108.96026 34.24733, 108.96022 34.24751, 108.9602 34.24766, 108.96018 34.24783, 108.96016 34.24813, 108.96017 34.24825, 108.96026 34.24874, 108.96026 34.24733))	2018-11-25 16:36:34	2018-11-25 16:38:40
POLYGON ((108.97593 34.22405, 108.97574 34.22445, 108.97558 34.22481, 108.97557 34.22484, 108.97556 34.22489, 108.97589 34.22424, 108.97595 34.22409, 108.97593 34.22405))	2018-11-25 18:44:10	2018-11-25 18:46:49
POLYGON ((108.94708 34.25724, 108.94708 34.25733, 108.94714 34.25804, 108.94721 34.25811, 108.94736 34.25801, 108.94742 34.25795, 108.94744 34.25791, 108.94708 34.25724))	2018-11-25 20:09:02	2018-11-25 20:11:09
POLYGON ((109.00663 34.26955, 109.0067 34.26957, 109.00708 34.2696, 109.00767 34.26961, 109.007 34.26957, 109.00663 34.26955))	2018-11-17 08:04:30	2018-11-17 08:06:46
POLYGON ((108.99153 34.23466, 108.99106 34.23538, 108.99107 34.23542, 108.99114 34.23533, 108.99117 34.23529, 108.99153 34.23466))	2018-11-17 10:38:09	2018-11-17 10:40:58
POLYGON ((108.94741 34.26996, 108.94798 34.26999, 108.94799 34.26999, 108.94844 34.26997, 108.94798 34.26996, 108.94741 34.26996))	2018-11-17 19:00:49	2018-11-17 19:05:52
POLYGON ((108.92913 34.23798, 108.9283 34.23834, 108.92824 34.23839, 108.92823 34.23843, 108.92823 34.23848, 108.92909 34.2383, 108.92917 34.23828, 108.92917 34.23826, 108.92916 34.23818, 108.92913 34.23798))	2018-11-17 19:39:21	2018-11-17 19:41:26
POLYGON ((108.9453 34.24346, 108.94527 34.24349, 108.94565 34.24356, 108.94595 34.24355, 108.94635 34.24352, 108.94534 34.24346, 108.9453 34.24346))	2018-11-17 21:56:07	2018-11-17 21:58:14
POLYGON ((108.95358 34.25079, 108.95268 34.25084, 108.95174 34.25097, 108.95207 34.25102, 108.95241 34.25103, 108.95348 34.25104, 108.95368 34.25103, 108.95369 34.25094, 108.95369 34.25089, 108.95368 34.25081, 108.95358 34.25079))	2018-11-22 10:28:35	2018-11-22 10:30:50
POLYGON ((108.94716 34.27354, 108.94707 34.27385, 108.94718 34.27433, 108.94718 34.274, 108.94716 34.27354))	2018-11-22 11:24:09	2018-11-22 11:26:16
POLYGON ((108.94668 34.2233, 108.94666 34.22335, 108.94658 34.22418, 108.94664 34.22385, 108.94666 34.22371, 108.94669 34.22337, 108.94669 34.22336, 108.94668 34.2233))	2018-11-26 10:24:08	2018-11-26 10:26:11
POLYGON ((108.94688 34.22823, 108.94641 34.22839, 108.94634 34.22855, 108.94676 34.22887, 108.9469 34.22895, 108.94708 34.22896, 108.94712 34.22896, 108.94702 34.22844, 108.94698 34.22832, 108.94696 34.22827, 108.94694 34.22824, 108.94688 34.22823))	2018-11-25 14:33:04	2018-11-25 14:35:29
POLYGON ((108.92429 34.23325, 108.92422 34.23326, 108.92346 34.23346, 108.9233 34.23359, 108.9236 34.23369, 108.92363 34.23369, 108.92393 34.23349, 108.92429 34.23325))	2018-11-25 18:33:57	2018-11-25 18:36:02
POLYGON ((108.92346 34.25083, 108.92354 34.2509, 108.92369 34.25095, 108.9241 34.25095, 108.9245 34.25093, 108.92346 34.25083))	2018-11-25 22:47:21	2018-11-25 22:49:37
POLYGON ((108.95403 34.24142, 108.95428 34.24163, 108.95438 34.24163, 108.95503 34.24156, 108.95403 34.24142))	2018-11-17 00:39:34	2018-11-17 00:41:43
POLYGON ((109.00173 34.26948, 109.00146 34.26949, 109.00039 34.26961, 109.00043 34.26962, 109.00056 34.26964, 109.00067 34.26964, 109.00179 34.26962, 109.00205 34.26961, 109.00224 34.2696, 109.00232 34.26954, 109.00228 34.2695, 109.00213 34.26949, 109.00194 34.26948, 109.00173 34.26948))	2018-11-17 15:02:55	2018-11-17 15:05:07
POLYGON ((109.00423 34.24266, 109.00378 34.24267, 109.00377 34.24268, 109.00465 34.2427, 109.0048 34.2427, 109.00428 34.24266, 109.00423 34.24266))	2018-11-17 17:12:35	2018-11-17 17:14:44
POLYGON ((108.95377 34.26981, 108.95286 34.26987, 108.95376 34.26994, 108.95383 34.26991, 108.95391 34.26982, 108.95377 34.26981))	2018-11-17 19:18:29	2018-11-17 19:22:06
POLYGON ((108.93562 34.22924, 108.93562 34.22945, 108.93566 34.22955, 108.9357 34.22958, 108.93574 34.22959, 108.9358 34.2296, 108.93623 34.22965, 108.93642 34.22967, 108.93657 34.22967, 108.93562 34.22924))	2018-11-17 21:28:49	2018-11-17 21:31:04
POLYGON ((108.9391 34.21716, 108.93885 34.21802, 108.93896 34.21791, 108.9391 34.21776, 108.93914 34.21746, 108.9391 34.21716))	2018-11-30 15:06:24	2018-11-30 15:08:47
POLYGON ((108.9233 34.25159, 108.92327 34.2517, 108.92328 34.25248, 108.92331 34.25236, 108.92333 34.25223, 108.92335 34.25182, 108.92334 34.25171, 108.9233 34.25159))	2018-11-30 21:39:44	2018-11-30 21:41:51
POLYGON ((108.96448 34.27008, 108.96364 34.27009, 108.9643 34.27009, 108.96471 34.27008, 108.96448 34.27008))	2018-11-17 12:07:52	2018-11-17 12:11:04
POLYGON ((108.94403 34.24118, 108.94299 34.24119, 108.94308 34.2412, 108.94396 34.24126, 108.94399 34.24125, 108.94403 34.24123, 108.94403 34.24118))	2018-11-17 17:14:07	2018-11-17 17:16:25
POLYGON ((108.94664 34.22093, 108.94658 34.22094, 108.94651 34.22102, 108.94651 34.22103, 108.94683 34.2218, 108.94681 34.22127, 108.9468 34.22103, 108.94679 34.22099, 108.94678 34.22097, 108.94677 34.22096, 108.94676 34.22095, 108.94674 34.22094, 108.94664 34.22093))	2018-11-17 19:27:43	2018-11-17 19:30:41
POLYGON ((108.93379 34.2316, 108.93381 34.23161, 108.93398 34.23168, 108.93404 34.2317, 108.93425 34.23172, 108.93437 34.23173, 108.93439 34.23173, 108.93466 34.23169, 108.93379 34.2316))	2018-11-25 11:21:30	2018-11-25 11:30:34
POLYGON ((108.93269 34.26885, 108.93121 34.26971, 108.93232 34.26969, 108.93251 34.26968, 108.93264 34.26967, 108.9327 34.26959, 108.93274 34.26897, 108.93274 34.26892, 108.93273 34.26887, 108.93272 34.26885, 108.93269 34.26885))	2018-11-25 19:53:57	2018-11-25 19:56:13
POLYGON ((108.94697 34.26472, 108.94696 34.26484, 108.94695 34.26501, 108.94695 34.26516, 108.94697 34.26558, 108.94698 34.26495, 108.94698 34.26488, 108.94697 34.26472))	2018-11-26 14:50:41	2018-11-26 14:52:50
POLYGON ((108.95371 34.24523, 108.9537 34.24524, 108.9537 34.2453, 108.95381 34.24578, 108.95386 34.24599, 108.95409 34.24654, 108.95398 34.24545, 108.95381 34.24523, 108.95371 34.24523))	2018-11-22 20:05:16	2018-11-22 20:08:46
POLYGON ((108.96548 34.27482, 108.96535 34.27485, 108.96529 34.27492, 108.9652 34.2755, 108.96587 34.27483, 108.96548 34.27482))	2018-11-24 20:06:31	2018-11-24 20:08:37
POLYGON ((108.95679 34.20603, 108.95678 34.20659, 108.95678 34.20705, 108.9569 34.20635, 108.95691 34.20605, 108.95679 34.20603))	2018-11-24 22:40:38	2018-11-24 22:52:49
POLYGON ((108.97242 34.25135, 108.97241 34.25142, 108.97239 34.25221, 108.97241 34.25172, 108.97242 34.25135))	2018-11-17 13:41:58	2018-11-17 13:44:05
POLYGON ((108.92724 34.25089, 108.92723 34.2509, 108.92746 34.25092, 108.92829 34.25094, 108.92831 34.25093, 108.9282 34.25092, 108.92733 34.25089, 108.92724 34.25089))	2018-11-17 17:42:28	2018-11-17 17:44:29
POLYGON ((108.9326 34.2594, 108.93255 34.25942, 108.9325 34.25949, 108.93242 34.26014, 108.93244 34.26016, 108.93248 34.26016, 108.93366 34.25942, 108.9333 34.25941, 108.9326 34.2594))	2018-11-18 09:55:44	2018-11-18 09:57:45
POLYGON ((109.00425 34.26905, 109.00344 34.26916, 109.00264 34.26945, 109.00264 34.26948, 109.00278 34.2696, 109.00325 34.26961, 109.00364 34.26961, 109.00425 34.26905))	2018-11-25 17:08:17	2018-11-25 17:12:05
POLYGON ((108.92668 34.2601, 108.92601 34.26095, 108.92653 34.26097, 108.92654 34.26097, 108.92663 34.26092, 108.92665 34.26077, 108.92666 34.26059, 108.92668 34.2601))	2018-11-24 06:18:12	2018-11-24 06:21:07
POLYGON ((108.96108 34.21534, 108.96105 34.21535, 108.961 34.21538, 108.96096 34.21543, 108.96094 34.21548, 108.96095 34.21591, 108.96096 34.21619, 108.96151 34.21542, 108.96123 34.21535, 108.96108 34.21534))	2018-11-24 18:26:12	2018-11-24 18:28:27
POLYGON ((108.9876 34.20496, 108.98668 34.20516, 108.98753 34.20517, 108.98764 34.20515, 108.98769 34.20509, 108.98771 34.20498, 108.9876 34.20496))	2018-11-24 17:51:34	2018-11-24 17:55:00
POLYGON ((108.93069 34.22276, 108.9306 34.22278, 108.93056 34.22279, 108.93163 34.22281, 108.93162 34.22279, 108.93096 34.22276, 108.93069 34.22276))	2018-11-18 18:43:10	2018-11-18 18:47:34
POLYGON ((108.94064 34.25234, 108.94016 34.25236, 108.94205 34.25294, 108.94206 34.25293, 108.942 34.25268, 108.94196 34.25252, 108.94189 34.25243, 108.94186 34.25242, 108.94145 34.25238, 108.94132 34.25237, 108.9409 34.25234, 108.94064 34.25234))	2018-11-26 19:31:54	2018-11-26 19:34:21
POLYGON ((108.98257 34.26515, 108.98198 34.26516, 108.98165 34.26517, 108.98067 34.2652, 108.98263 34.26529, 108.98263 34.26528, 108.98257 34.26515))	2018-11-26 09:20:57	2018-11-26 09:23:16
POLYGON ((108.9465 34.22302, 108.94647 34.22305, 108.94659 34.22366, 108.94665 34.22388, 108.9469 34.22445, 108.94711 34.22373, 108.94686 34.22336, 108.94651 34.22302, 108.9465 34.22302))	2018-11-24 17:36:05	2018-11-24 17:39:49
POLYGON ((108.96602 34.26595, 108.96701 34.2663, 108.96701 34.26611, 108.96684 34.26598, 108.96665 34.26597, 108.9662 34.26595, 108.96602 34.26595))	2018-11-25 12:58:11	2018-11-25 13:01:08
POLYGON ((108.97549 34.22325, 108.97491 34.22331, 108.9753 34.2233, 108.97591 34.22327, 108.97586 34.22326, 108.97564 34.22325, 108.97549 34.22325))	2018-11-18 16:11:15	2018-11-18 16:14:12
POLYGON ((108.99573 34.26791, 108.99578 34.26879, 108.99579 34.26879, 108.99579 34.26808, 108.99573 34.26791))	2018-11-18 16:30:47	2018-11-18 16:32:53
POLYGON ((108.94643 34.22067, 108.94642 34.22068, 108.94658 34.22151, 108.9466 34.22108, 108.94657 34.22094, 108.94652 34.22073, 108.94643 34.22067))	2018-11-25 20:05:54	2018-11-25 20:08:09
POLYGON ((108.93642 34.27308, 108.9355 34.27355, 108.93561 34.27357, 108.93578 34.2736, 108.93592 34.2736, 108.93624 34.27359, 108.93633 34.27358, 108.93641 34.27357, 108.93644 34.27352, 108.93649 34.27336, 108.93646 34.27321, 108.93642 34.27308))	2018-11-25 15:35:25	2018-11-25 15:38:16
POLYGON ((108.93427 34.22987, 108.93365 34.22988, 108.93333 34.22989, 108.93315 34.22994, 108.9328 34.23013, 108.93272 34.23023, 108.93273 34.2303, 108.93275 34.23034, 108.93352 34.2305, 108.93367 34.23052, 108.93427 34.22987))	2018-11-25 20:39:49	2018-11-25 20:42:08
POLYGON ((108.94681 34.22899, 108.94679 34.2295, 108.94679 34.22951, 108.94683 34.22986, 108.94686 34.22986, 108.94684 34.22914, 108.94681 34.22899))	2018-11-18 15:11:58	2018-11-18 15:14:29
POLYGON ((109.00759 34.26942, 109.00744 34.26943, 109.00734 34.26948, 109.00733 34.26954, 109.00738 34.26965, 109.00864 34.26961, 109.00877 34.26944, 109.0081 34.26942, 109.00759 34.26942))	2018-11-18 17:00:42	2018-11-18 17:03:50
