POLYGON ((108.97249 34.25947, 108.97233 34.25995, 108.9723 34.26012, 108.97229 34.26027, 108.97232 34.26034, 108.97233 34.26035, 108.9728 34.25992, 108.9728 34.25989, 108.97277 34.25977, 108.97274 34.25969, 108.97263 34.2595, 108.97261 34.25949, 108.97249 34.25947))	2018-11-18 15:19:15	2018-11-18 15:21:23
POLYGON ((108.94693 34.22138, 108.94694 34.22153, 108.94695 34.22165, 108.94711 34.22202, 108.9472 34.22216, 108.94721 34.22216, 108.94693 34.22138))	2018-11-18 19:23:01	2018-11-18 19:25:10
POLYGON ((108.94704 34.24012, 108.94694 34.24095, 108.94703 34.24072, 108.94704 34.24012))	2018-11-18 21:13:43	2018-11-18 21:15:46
POLYGON ((108.93908 34.21704, 108.93906 34.21717, 108.93905 34.21732, 108.93905 34.21779, 108.93906 34.21792, 108.93908 34.21704))	2018-11-16 14:44:14	2018-11-16 14:47:23
POLYGON ((108.94673 34.21175, 108.94661 34.21176, 108.9466 34.21181, 108.9466 34.2123, 108.94747 34.21175, 108.94673 34.21175))	2018-11-16 20:19:41	2018-11-16 20:21:56
POLYGON ((108.93965 34.2229, 108.93897 34.22291, 108.93917 34.22295, 108.93958 34.22295, 108.93998 34.2229, 108.93965 34.2229))	2018-11-18 12:03:38	2018-11-18 12:05:41
POLYGON ((108.96479 34.27483, 108.96416 34.27484, 108.96419 34.27485, 108.96425 34.27487, 108.96522 34.27492, 108.96524 34.27492, 108.96515 34.27489, 108.96511 34.27488, 108.9648 34.27483, 108.96479 34.27483))	2018-11-18 15:02:27	2018-11-18 15:12:10
POLYGON ((108.99355 34.2694, 108.99279 34.26944, 108.99355 34.26946, 108.99383 34.26942, 108.99355 34.2694))	2018-11-18 16:30:35	2018-11-18 16:32:50
POLYGON ((109.00204 34.20714, 109.00179 34.20718, 109.00279 34.20718, 109.00249 34.20715, 109.00204 34.20714))	2018-11-18 14:46:29	2018-11-18 14:48:30
POLYGON ((108.96704 34.26566, 108.96543 34.26584, 108.96519 34.26588, 108.96513 34.2659, 108.96512 34.26591, 108.96533 34.26594, 108.96671 34.26596, 108.9669 34.26594, 108.967 34.2659, 108.96707 34.26582, 108.96704 34.26566))	2018-11-18 16:14:38	2018-11-18 16:20:22
POLYGON ((108.94673 34.24659, 108.94675 34.24702, 108.94681 34.24793, 108.94683 34.24811, 108.94686 34.24815, 108.94693 34.2481, 108.94708 34.24743, 108.94708 34.2474, 108.94706 34.24727, 108.94673 34.24659))	2018-11-28 20:42:57	2018-11-28 20:45:01
POLYGON ((108.96859 34.21169, 108.96752 34.21171, 108.96772 34.21188, 108.96775 34.21189, 108.9684 34.21187, 108.96861 34.21184, 108.96866 34.2118, 108.96859 34.21169))	2018-11-28 08:42:37	2018-11-28 08:46:05
POLYGON ((108.92535 34.24119, 108.92551 34.24121, 108.9262 34.24122, 108.92628 34.24122, 108.92608 34.24121, 108.92581 34.2412, 108.92535 34.24119))	2018-11-18 12:30:52	2018-11-18 12:33:19
POLYGON ((108.94719 34.27042, 108.94717 34.27059, 108.9471 34.27125, 108.94715 34.27093, 108.94718 34.27058, 108.94719 34.27042))	2018-11-18 15:44:13	2018-11-18 15:47:08
POLYGON ((109.0064 34.26779, 109.00537 34.26809, 109.00625 34.26857, 109.0064 34.26802, 109.0064 34.26779))	2018-11-28 18:02:11	2018-11-28 18:04:46
POLYGON ((108.93287 34.25949, 108.93269 34.25951, 108.93222 34.25961, 108.93234 34.25961, 108.93313 34.25949, 108.93287 34.25949))	2018-11-28 18:15:52	2018-11-28 18:18:17
POLYGON ((108.94472 34.25937, 108.9454 34.2594, 108.94576 34.25938, 108.9456 34.25937, 108.94472 34.25937))	2018-11-28 15:37:37	2018-11-28 15:40:31
POLYGON ((108.94667 34.22338, 108.94662 34.2235, 108.94659 34.22383, 108.94661 34.22426, 108.94668 34.2235, 108.94667 34.22338))	2018-11-28 16:09:18	2018-11-28 16:11:49
POLYGON ((108.93901 34.21784, 108.93908 34.21803, 108.93921 34.21817, 108.93938 34.21822, 108.93954 34.21824, 108.93972 34.21825, 108.93994 34.21825, 108.93901 34.21784))	2018-11-18 12:40:33	2018-11-18 12:42:36
POLYGON ((108.98655 34.25908, 108.98649 34.25917, 108.98645 34.25925, 108.98638 34.25943, 108.98745 34.25936, 108.98744 34.25926, 108.9874 34.25923, 108.98661 34.25909, 108.98655 34.25908))	2018-11-16 18:42:31	2018-11-16 18:45:32
POLYGON ((108.94405 34.26444, 108.94386 34.26451, 108.94398 34.26454, 108.94409 34.26456, 108.94435 34.26456, 108.94481 34.26454, 108.94586 34.26447, 108.94443 34.26444, 108.94405 34.26444))	2018-11-16 19:45:20	2018-11-16 19:47:23
POLYGON ((108.93236 34.25453, 108.93234 34.25455, 108.9323 34.2547, 108.93229 34.25488, 108.9323 34.25511, 108.93233 34.25535, 108.93244 34.25623, 108.93267 34.25485, 108.9326 34.25465, 108.93238 34.25453, 108.93236 34.25453))	2018-11-23 15:51:59	2018-11-23 16:02:18
POLYGON ((108.94709 34.27022, 108.94708 34.2703, 108.94717 34.27105, 108.94714 34.2703, 108.94709 34.27022))	2018-11-18 20:24:17	2018-11-18 20:26:53
POLYGON ((108.97709 34.22304, 108.97663 34.22343, 108.97652 34.22354, 108.97639 34.22367, 108.97698 34.22318, 108.97709 34.22304))	2018-11-18 12:55:46	2018-11-18 12:57:49
POLYGON ((108.9233 34.2504, 108.92327 34.25112, 108.92327 34.25129, 108.9233 34.25129, 108.92339 34.25122, 108.92332 34.2504, 108.9233 34.2504))	2018-11-18 12:01:15	2018-11-18 12:03:37
POLYGON ((108.94692 34.23226, 108.94689 34.2323, 108.94688 34.23289, 108.94689 34.2331, 108.94692 34.23226))	2018-11-18 15:14:13	2018-11-18 15:16:16
POLYGON ((108.98812 34.25773, 108.98813 34.25862, 108.98814 34.25857, 108.98814 34.25799, 108.98812 34.25773))	2018-11-18 16:43:02	2018-11-18 16:45:08
POLYGON ((108.93124 34.22275, 108.93066 34.22279, 108.93052 34.2228, 108.93146 34.22277, 108.93124 34.22275))	2018-11-18 16:43:37	2018-11-18 16:46:12
POLYGON ((108.96199999999988 34.27564999999911, 108.9619999999997 34.27564999999915, 108.96199999999955 34.275649999999224, 108.9619999999994 34.27564999999933, 108.96199999999928 34.27564999999946, 108.9619999999992 34.27564999999961, 108.96199999999914 34.27564999999978, 108.96199999999911 34.27564999999995, 108.96199999999911 34.27565000000013, 108.96199999999915 34.2756500000003, 108.96199999999924 34.275650000000454, 108.96199999999934 34.275650000000596, 108.96199999999946 34.27565000000072, 108.96199999999962 34.27565000000081, 108.96199999999978 34.275650000000866, 108.96199999999996 34.275650000000894, 108.96200000000013 34.27565000000089, 108.96270000000013 34.27555000000089, 108.9627000000003 34.27555000000085, 108.96270000000045 34.27555000000078, 108.9627000000006 34.27555000000067, 108.96270000000072 34.27555000000054, 108.96270000000081 34.27555000000039, 108.96270000000086 34.27555000000022, 108.9627000000009 34.27555000000005, 108.9627000000009 34.275549999999875, 108.96270000000085 34.275549999999704, 108.96270000000077 34.27554999999955, 108.96270000000067 34.275549999999406, 108.96270000000054 34.275549999999285, 108.96270000000038 34.27554999999919, 108.96270000000023 34.275549999999136, 108.96270000000004 34.27554999999911, 108.96269999999987 34.275549999999114, 108.96199999999988 34.27564999999911))	2018-11-19 10:17:34	2018-11-19 10:19:57
POLYGON ((108.9321 34.21815, 108.93201 34.21819, 108.93299 34.21828, 108.933 34.21828, 108.93308 34.21827, 108.93296 34.21823, 108.93278 34.2182, 108.93256 34.21818, 108.93218 34.21815, 108.9321 34.21815))	2018-11-16 16:50:49	2018-11-16 16:53:09
POLYGON ((108.9665 34.2164, 108.9664 34.21643, 108.9665 34.21644, 108.96723 34.21646, 108.96748 34.21646, 108.96651 34.2164, 108.9665 34.2164))	2018-11-19 08:45:27	2018-11-19 08:47:39
POLYGON ((108.9687 34.2165, 108.9696 34.21654, 108.96972 34.21654, 108.96958 34.21653, 108.96923 34.21651, 108.96902 34.2165, 108.9687 34.2165))	2018-11-19 08:50:03	2018-11-19 08:52:39
POLYGON ((108.94683 34.21819, 108.947 34.21822, 108.94707 34.21822, 108.9478 34.21821, 108.94683 34.21819))	2018-11-19 17:11:12	2018-11-19 17:13:42
POLYGON ((108.94676 34.24434, 108.94676 34.24435, 108.94677 34.24509, 108.94679 34.24522, 108.94684 34.24478, 108.94684 34.24466, 108.94683 34.24449, 108.9468 34.2444, 108.94679 34.24438, 108.94676 34.24434))	2018-11-28 16:13:57	2018-11-28 16:16:18
POLYGON ((108.96526 34.25084, 108.96447 34.25113, 108.96442 34.25116, 108.96459 34.25117, 108.9646 34.25117, 108.96489 34.25113, 108.96517 34.25106, 108.96524 34.25101, 108.96539 34.25086, 108.96533 34.25084, 108.96526 34.25084))	2018-11-28 07:50:59	2018-11-28 07:54:03
POLYGON ((108.92671 34.25943, 108.92656 34.25946, 108.92647 34.25949, 108.92642 34.25951, 108.92747 34.2595, 108.92672 34.25943, 108.92671 34.25943))	2018-11-28 09:39:23	2018-11-28 09:41:26
POLYGON ((109.0074 34.25901, 109.00737 34.25902, 109.00805 34.25967, 109.00805 34.25954, 109.00803 34.25934, 109.008 34.25916, 109.00798 34.25909, 109.00795 34.25904, 109.00793 34.25903, 109.0079 34.25902, 109.00776 34.25901, 109.0074 34.25901))	2018-11-16 07:46:39	2018-11-16 07:48:40
POLYGON ((108.93901 34.22843, 108.939 34.22871, 108.93901 34.22892, 108.93905 34.22913, 108.93907 34.22918, 108.93916 34.2293, 108.93915 34.22918, 108.93901 34.22843))	2018-11-16 09:24:55	2018-11-16 09:27:05
POLYGON ((108.93919 34.25844, 108.93915 34.25918, 108.93918 34.25924, 108.9392 34.25926, 108.93939 34.25932, 108.93919 34.25844))	2018-11-16 11:27:37	2018-11-16 11:29:44
POLYGON ((108.94698 34.26481, 108.94696 34.26487, 108.94711 34.2657, 108.94706 34.26498, 108.94704 34.26489, 108.94698 34.26481))	2018-11-16 14:39:29	2018-11-16 14:41:44
POLYGON ((108.94115 34.25066, 108.93949 34.25072, 108.93942 34.25074, 108.93939 34.25077, 108.93938 34.25094, 108.93953 34.25094, 108.94041 34.25093, 108.94118 34.25067, 108.94115 34.25066))	2018-11-19 16:18:45	2018-11-19 16:21:35
POLYGON ((108.94681 34.25721, 108.94676 34.2573, 108.94676 34.25733, 108.94697 34.25879, 108.94698 34.25881, 108.94703 34.25884, 108.94707 34.25881, 108.94699 34.25808, 108.94681 34.25721))	2018-11-19 22:16:48	2018-11-19 22:21:26
POLYGON ((108.94599 34.27353, 108.94597 34.27354, 108.94593 34.27358, 108.94604 34.27359, 108.94711 34.27361, 108.94712 34.27361, 108.94705 34.27358, 108.94697 34.27356, 108.94685 34.27354, 108.94599 34.27353))	2018-11-28 10:32:39	2018-11-28 10:35:39
POLYGON ((108.93083 34.22274, 108.93047 34.22286, 108.93059 34.22286, 108.9315 34.22283, 108.9315 34.22281, 108.93147 34.22277, 108.93146 34.22276, 108.93084 34.22274, 108.93083 34.22274))	2018-11-21 15:29:39	2018-11-21 15:32:10
POLYGON ((108.95425 34.27081, 108.95418 34.27182, 108.95418 34.27194, 108.95421 34.27254, 108.95425 34.27258, 108.95429 34.27257, 108.95432 34.27255, 108.95432 34.27254, 108.95425 34.27081))	2018-11-21 16:28:30	2018-11-21 16:31:33
POLYGON ((108.95902 34.21158, 108.95866 34.21159, 108.95845 34.2116, 108.95866 34.21162, 108.95947 34.21167, 108.95948 34.21167, 108.95951 34.21165, 108.95946 34.21161, 108.95943 34.2116, 108.95902 34.21158))	2018-11-21 17:55:47	2018-11-21 17:58:29
POLYGON ((108.99571 34.26814, 108.99565 34.26894, 108.99565 34.26897, 108.99566 34.26898, 108.99577 34.26902, 108.99577 34.26898, 108.99575 34.26853, 108.99571 34.26814))	2018-11-19 09:52:02	2018-11-19 09:54:57
POLYGON ((108.98909 34.27025, 108.98884 34.27029, 108.9886 34.27043, 108.98895 34.27089, 108.98902 34.27095, 108.98914 34.27098, 108.98938 34.271, 108.98915 34.27038, 108.98909 34.27025))	2018-11-23 14:38:54	2018-11-23 14:41:19
POLYGON ((108.92992 34.22283, 108.93003 34.22284, 108.93068 34.22285, 108.93085 34.22285, 108.93096 34.22284, 108.93011 34.22283, 108.92992 34.22283))	2018-11-23 19:30:09	2018-11-23 19:32:42
POLYGON ((108.98 34.27752, 108.98031 34.27755, 108.98088 34.2776, 108.98094 34.27758, 108.98078 34.27754, 108.98 34.27752))	2018-11-28 17:02:41	2018-11-28 17:05:13
POLYGON ((108.97197 34.27005, 108.97168 34.27006, 108.97146 34.27007, 108.97247 34.27039, 108.97247 34.27026, 108.97241 34.2702, 108.97233 34.27015, 108.97224 34.2701, 108.97209 34.27006, 108.97199 34.27005, 108.97197 34.27005))	2018-11-28 17:15:15	2018-11-28 17:17:21
POLYGON ((108.92815 34.23446, 108.92806 34.23447, 108.92818 34.23535, 108.92819 34.23525, 108.92819 34.23489, 108.92818 34.23465, 108.92817 34.23448, 108.92816 34.23447, 108.92815 34.23446))	2018-11-21 09:00:53	2018-11-21 09:04:37
POLYGON ((108.99847 34.2257, 108.99931 34.22612, 108.99933 34.22613, 108.99933 34.22612, 108.99929 34.22605, 108.99847 34.2257))	2018-11-21 15:35:57	2018-11-21 15:45:21
POLYGON ((108.95395 34.24962, 108.95387 34.24992, 108.95388 34.25008, 108.95392 34.25027, 108.954 34.25045, 108.954 34.2504, 108.95395 34.24962))	2018-11-21 17:16:06	2018-11-21 17:18:48
POLYGON ((108.92366 34.20977, 108.92359 34.21019, 108.92366 34.2108, 108.92366 34.20977))	2018-11-21 19:02:16	2018-11-21 19:09:13
POLYGON ((108.93921 34.22917, 108.93921 34.22922, 108.93923 34.22929, 108.93925 34.22934, 108.93955 34.22999, 108.93956 34.23, 108.93957 34.22989, 108.93957 34.22981, 108.93956 34.22976, 108.93955 34.22972, 108.93921 34.22917))	2018-11-23 17:50:35	2018-11-23 17:52:43
POLYGON ((108.9321 34.24093, 108.93199 34.24096, 108.93141 34.24125, 108.93179 34.24124, 108.93194 34.2412, 108.93203 34.24113, 108.93214 34.24095, 108.93214 34.24094, 108.9321 34.24093))	2018-11-23 21:53:46	2018-11-23 21:55:58
POLYGON ((108.99659 34.26016, 108.99565 34.26049, 108.99571 34.2606, 108.99611 34.2609, 108.99613 34.2609, 108.99614 34.26089, 108.99616 34.26086, 108.99629 34.26065, 108.99659 34.26016))	2018-11-19 17:42:16	2018-11-19 17:46:14
POLYGON ((108.92405 34.25969, 108.92442 34.25995, 108.92449 34.25998, 108.92458 34.26, 108.92504 34.26001, 108.92405 34.25969))	2018-11-28 16:24:08	2018-11-28 16:26:23
POLYGON ((109.00872 34.23573, 109.00826 34.23648, 109.00828 34.23646, 109.00833 34.23639, 109.00839 34.2363, 109.00848 34.23615, 109.0086 34.23595, 109.00872 34.23573))	2018-11-28 17:48:26	2018-11-28 17:50:36
POLYGON ((108.93235 34.22277, 108.93214 34.22279, 108.93201 34.22286, 108.93193 34.22297, 108.9319 34.22304, 108.93186 34.22322, 108.93185 34.2233, 108.93189 34.22343, 108.9326 34.22279, 108.93235 34.22277))	2018-11-28 18:50:32	2018-11-28 18:53:42
POLYGON ((108.96198 34.27553, 108.96187 34.27556, 108.96157 34.27565, 108.96123 34.27579, 108.96112 34.27585, 108.96136 34.27579, 108.96214 34.27558, 108.96202 34.27553, 108.96198 34.27553))	2018-11-28 06:08:33	2018-11-28 06:11:30
POLYGON ((108.95909 34.23564, 108.95916 34.23572, 108.96017 34.23564, 108.95909 34.23564))	2018-11-28 00:22:56	2018-11-28 00:25:29
POLYGON ((108.94024 34.2182, 108.93994 34.21822, 108.93935 34.21827, 108.93929 34.2183, 108.93932 34.21831, 108.93959 34.21828, 108.94024 34.2182))	2018-11-19 20:46:46	2018-11-19 20:49:07
POLYGON ((108.99603 34.26796, 108.99574 34.26798, 108.99574 34.26804, 108.9958 34.26868, 108.99604 34.26879, 108.9964 34.26797, 108.99603 34.26796))	2018-11-26 07:49:46	2018-11-26 07:52:41
POLYGON ((108.92349 34.21867, 108.92348 34.21879, 108.92348 34.21882, 108.92364 34.2195, 108.92365 34.21943, 108.92359 34.219, 108.92355 34.2188, 108.92349 34.21867))	2018-11-26 08:35:07	2018-11-26 08:37:29
POLYGON ((109.00577 34.21487, 109.00486 34.21506, 109.00481 34.21513, 109.00569 34.21542, 109.00667 34.21507, 109.00641 34.21499, 109.00577 34.21487))	2018-11-21 13:46:11	2018-11-21 13:48:15
POLYGON ((108.93218 34.23967, 108.9321 34.24032, 108.9321 34.24039, 108.93212 34.24051, 108.93219 34.24053, 108.93219 34.2405, 108.93218 34.23967))	2018-11-21 16:18:57	2018-11-21 16:21:01
POLYGON ((108.94864 34.25551, 108.94801 34.25605, 108.94874 34.25601, 108.9488 34.25598, 108.9489 34.25565, 108.94871 34.25551, 108.94864 34.25551))	2018-11-21 17:46:50	2018-11-21 17:49:25
POLYGON ((108.94487 34.26442, 108.94458 34.26443, 108.94433 34.26444, 108.9442 34.26447, 108.94416 34.26453, 108.94419 34.26455, 108.94523 34.26457, 108.9463 34.26446, 108.94589 34.26443, 108.9457 34.26442, 108.94487 34.26442))	2018-11-19 10:46:28	2018-11-19 10:48:47
POLYGON ((108.94689 34.21174, 108.94678 34.21176, 108.94701 34.21177, 108.94708 34.21177, 108.94785 34.21174, 108.94689 34.21174))	2018-11-19 16:07:46	2018-11-19 16:09:58
POLYGON ((108.94714 34.26289, 108.94714 34.26313, 108.94715 34.2637, 108.94719 34.2635, 108.94719 34.26346, 108.94714 34.26289))	2018-11-19 18:16:33	2018-11-19 18:18:45
POLYGON ((109.00645 34.24121, 109.00643 34.24125, 109.00642 34.24133, 109.00641 34.24145, 109.00641 34.24159, 109.00645 34.24251, 109.00646 34.24259, 109.00648 34.2425, 109.00652 34.24197, 109.00654 34.24164, 109.00654 34.24143, 109.00653 34.24128, 109.0065 34.24121, 109.00645 34.24121))	2018-11-23 14:31:23	2018-11-23 14:33:50
POLYGON ((108.93202 34.22169, 108.93193 34.22249, 108.93199 34.22243, 108.93203 34.22226, 108.93204 34.22197, 108.93202 34.22169))	2018-11-19 18:54:26	2018-11-19 18:59:24
POLYGON ((108.93842 34.25749, 108.93835 34.25752, 108.93834 34.25753, 108.93835 34.25763, 108.93836 34.25765, 108.93917 34.25896, 108.93914 34.25805, 108.93913 34.25784, 108.93911 34.25766, 108.93901 34.2576, 108.93888 34.25754, 108.93856 34.25749, 108.93842 34.25749))	2018-11-19 07:35:24	2018-11-19 07:39:59
POLYGON ((108.93306 34.27699, 108.93308 34.27724, 108.93316 34.27819, 108.93319 34.27851, 108.93321 34.27851, 108.93332 34.2777, 108.93306 34.27699))	2018-11-19 18:02:40	2018-11-19 18:05:13
POLYGON ((108.92767 34.25086, 108.92723 34.25087, 108.92697 34.25088, 108.92701 34.25089, 108.92804 34.25091, 108.92799 34.2509, 108.92767 34.25086))	2018-11-23 18:18:02	2018-11-23 18:20:06
POLYGON ((108.95092 34.22268, 108.94985 34.22277, 108.94985 34.22279, 108.94988 34.2228, 108.95065 34.22289, 108.95084 34.2229, 108.95172 34.22283, 108.95176 34.22277, 108.95162 34.22273, 108.95092 34.22268))	2018-11-25 17:08:12	2018-11-25 17:10:27
POLYGON ((108.92197 34.26931, 108.92192 34.26938, 108.92188 34.26946, 108.92186 34.26954, 108.92186 34.2696, 108.92187 34.26968, 108.92188 34.26975, 108.92191 34.26981, 108.92193 34.26985, 108.92198 34.26992, 108.92205 34.26998, 108.92212 34.27002, 108.92216 34.27004, 108.92226 34.27008, 108.92231 34.2701, 108.92237 34.27011, 108.92244 34.27012, 108.92197 34.26931))	2018-11-19 08:30:35	2018-11-19 08:32:38
POLYGON ((108.92325 34.22275, 108.92321 34.22283, 108.92322 34.22287, 108.92409 34.2229, 108.92425 34.22278, 108.92325 34.22275))	2018-11-19 08:54:55	2018-11-19 08:56:57
POLYGON ((108.9431 34.2412, 108.94299 34.24121, 108.94304 34.24126, 108.944 34.24129, 108.94508 34.24131, 108.94504 34.24129, 108.94493 34.24126, 108.9443 34.24121, 108.9431 34.2412))	2018-11-21 14:24:26	2018-11-21 14:26:48
POLYGON ((108.9479 34.24125, 108.94757 34.24127, 108.94753 34.24128, 108.94761 34.2413, 108.94765 34.24131, 108.94858 34.24143, 108.9479 34.24125))	2018-11-21 14:30:52	2018-11-21 14:33:18
POLYGON ((108.95505 34.21157, 108.95474 34.21158, 108.95462 34.21159, 108.95525 34.21164, 108.95547 34.21164, 108.95566 34.21162, 108.95505 34.21157))	2018-11-21 17:50:08	2018-11-21 17:52:09
POLYGON ((108.97037 34.25084, 108.96998 34.25085, 108.97014 34.25086, 108.97102 34.25087, 108.97104 34.25087, 108.97103 34.25085, 108.97037 34.25084))	2018-11-21 17:50:54	2018-11-21 17:55:01
POLYGON ((108.92331 34.24775, 108.92329 34.24776, 108.92326 34.24807, 108.92326 34.24812, 108.92328 34.24864, 108.92332 34.24795, 108.92331 34.24775))	2018-11-30 18:09:39	2018-11-30 18:14:16
POLYGON ((108.95471 34.25952, 108.95474 34.25953, 108.95527 34.2596, 108.95577 34.25964, 108.95502 34.25954, 108.95475 34.25952, 108.95471 34.25952))	2018-11-30 19:19:14	2018-11-30 19:21:15
POLYGON ((108.95182 34.21148, 108.95128 34.2115, 108.95094 34.21168, 108.95144 34.21165, 108.95151 34.21164, 108.95158 34.21163, 108.95181 34.21153, 108.95182 34.21148))	2018-11-21 07:06:38	2018-11-21 07:08:45
POLYGON ((108.93682 34.21166, 108.93669 34.21167, 108.93668 34.21168, 108.93671 34.21171, 108.93703 34.2118, 108.93794 34.21167, 108.93694 34.21166, 108.93682 34.21166))	2018-11-21 13:35:07	2018-11-21 13:38:28
POLYGON ((108.9391 34.21704, 108.93908 34.21777, 108.93908 34.21782, 108.93911 34.21788, 108.93911 34.21779, 108.9391 34.21704))	2018-11-21 17:28:15	2018-11-21 17:30:24
POLYGON ((108.94685 34.24165, 108.94684 34.24166, 108.94675 34.24199, 108.94673 34.24222, 108.94673 34.24252, 108.94695 34.24166, 108.94695 34.24165, 108.94685 34.24165))	2018-11-21 09:53:11	2018-11-21 09:55:52
POLYGON ((108.99532 34.26994, 108.9952 34.27039, 108.99518 34.27049, 108.99514 34.2707, 108.99534 34.27025, 108.99536 34.27019, 108.99536 34.26997, 108.99532 34.26994))	2018-11-21 10:33:07	2018-11-21 10:35:28
POLYGON ((108.92671 34.2609, 108.92622 34.26091, 108.92576 34.26092, 108.92593 34.26093, 108.92659 34.26093, 108.92683 34.26091, 108.92671 34.2609))	2018-11-21 10:34:14	2018-11-21 10:36:38
POLYGON ((108.9785 34.26932, 108.97758 34.26958, 108.97782 34.26957, 108.97803 34.26955, 108.97821 34.26952, 108.97832 34.26948, 108.97857 34.26932, 108.9785 34.26932))	2018-11-21 18:08:38	2018-11-21 18:12:53
POLYGON ((108.94329 34.271, 108.94283 34.27103, 108.94265 34.27106, 108.94362 34.27109, 108.94356 34.27106, 108.94336 34.271, 108.94329 34.271))	2018-11-23 20:07:42	2018-11-23 20:11:23
POLYGON ((108.93084 34.22281, 108.92989 34.22282, 108.93002 34.22286, 108.93012 34.22286, 108.93069 34.22285, 108.93097 34.22281, 108.93084 34.22281))	2018-11-23 14:21:34	2018-11-23 14:24:07
POLYGON ((108.98507 34.21313, 108.98494 34.21322, 108.98484 34.21332, 108.98475 34.21343, 108.98473 34.21357, 108.98481 34.21372, 108.98499 34.21398, 108.985 34.21398, 108.98507 34.21313))	2018-11-25 10:04:09	2018-11-25 10:06:40
POLYGON ((108.94904 34.23656, 108.94855 34.23733, 108.94906 34.23726, 108.94919 34.23704, 108.94904 34.23656))	2018-11-25 12:25:28	2018-11-25 12:29:02
POLYGON ((108.94693 34.22299, 108.94672 34.22312, 108.94662 34.22382, 108.94673 34.22361, 108.94698 34.22303, 108.94697 34.22301, 108.94693 34.22299))	2018-11-25 19:17:14	2018-11-25 19:19:29
POLYGON ((108.92187 34.24608, 108.92192 34.24612, 108.92204 34.24615, 108.92217 34.24616, 108.92293 34.24616, 108.92269 34.24611, 108.92187 34.24608))	2018-11-25 20:46:21	2018-11-25 20:49:14
POLYGON ((108.99565 34.26941, 108.99476 34.26957, 108.99571 34.27042, 108.9967 34.26942, 108.99615 34.26941, 108.99565 34.26941))	2018-11-25 23:52:56	2018-11-25 23:55:41
POLYGON ((108.93219 34.23919, 108.93216 34.23962, 108.93219 34.23987, 108.93223 34.24006, 108.93224 34.24007, 108.93219 34.23919))	2018-11-30 10:20:40	2018-11-30 10:22:48
POLYGON ((108.98969 34.23811, 108.98918 34.23883, 108.98924 34.23878, 108.98965 34.23817, 108.98969 34.23811))	2018-11-30 10:51:58	2018-11-30 10:53:59
POLYGON ((108.92283 34.26161, 108.92277 34.26179, 108.92272 34.26199, 108.92267 34.26243, 108.92269 34.26245, 108.92274 34.26226, 108.92282 34.26171, 108.92283 34.26161))	2018-11-26 15:15:59	2018-11-26 15:18:05
POLYGON ((109.00348 34.22657, 109.00511 34.22732, 109.00509 34.2272, 109.00348 34.22657))	2018-11-21 07:21:27	2018-11-21 07:23:43
POLYGON ((108.96296 34.26986, 108.96297 34.26991, 108.96301 34.26994, 108.96309 34.26999, 108.96326 34.27002, 108.96383 34.27009, 108.96399 34.27009, 108.96296 34.26986))	2018-11-21 14:26:53	2018-11-21 14:28:57
POLYGON ((108.98818 34.26742, 108.98817 34.26759, 108.98819 34.26915, 108.98829 34.26877, 108.98835 34.26769, 108.98824 34.26749, 108.98822 34.26746, 108.9882 34.26744, 108.98819 34.26743, 108.98818 34.26742))	2018-11-23 09:59:28	2018-11-23 10:02:10
POLYGON ((108.93739 34.22277, 108.93721 34.22278, 108.93695 34.2228, 108.93793 34.22281, 108.93798 34.2228, 108.93789 34.22279, 108.93767 34.22278, 108.93739 34.22277))	2018-11-23 17:44:41	2018-11-23 17:47:15
POLYGON ((108.92325 34.25636, 108.92192 34.25698, 108.92198 34.25704, 108.92218 34.25706, 108.9228 34.25709, 108.92299 34.25708, 108.9232 34.25701, 108.92326 34.25694, 108.92326 34.25675, 108.92325 34.25636))	2018-11-25 10:59:02	2018-11-25 11:03:55
POLYGON ((108.92712 34.2313, 108.92636 34.23152, 108.92626 34.23155, 108.92613 34.23162, 108.92641 34.23156, 108.92654 34.23152, 108.9266 34.2315, 108.92686 34.23141, 108.92703 34.23135, 108.9271 34.23132, 108.92712 34.23131, 108.92714 34.2313, 108.92712 34.2313))	2018-11-25 11:16:02	2018-11-25 11:18:20
POLYGON ((108.92342 34.23885, 108.92322 34.23954, 108.92316 34.23976, 108.92316 34.2398, 108.92325 34.2398, 108.9233 34.23978, 108.92336 34.23972, 108.92337 34.23968, 108.92339 34.23937, 108.92342 34.23885))	2018-11-25 12:53:03	2018-11-25 13:03:24
POLYGON ((108.97598 34.22335, 108.97588 34.22347, 108.97564 34.22389, 108.97553 34.22412, 108.97583 34.22371, 108.97598 34.22335))	2018-11-25 17:05:45	2018-11-25 17:07:48
POLYGON ((108.94711 34.26471, 108.94709 34.26514, 108.94708 34.26559, 108.94713 34.26512, 108.94713 34.26476, 108.94711 34.26471))	2018-11-25 18:45:39	2018-11-25 18:48:21
POLYGON ((108.92719 34.22727, 108.92693 34.22728, 108.92782 34.22735, 108.92783 34.22735, 108.92799 34.22734, 108.92776 34.2273, 108.92719 34.22727))	2018-11-25 19:14:56	2018-11-25 19:16:59
POLYGON ((108.93307 34.24121, 108.93222 34.24123, 108.93264 34.24123, 108.93326 34.24122, 108.93317 34.24121, 108.93307 34.24121))	2018-11-21 18:25:55	2018-11-21 18:27:58
POLYGON ((108.94935 34.23526, 108.94934 34.23527, 108.94925 34.23565, 108.94921 34.23585, 108.94918 34.23611, 108.94935 34.23527, 108.94935 34.23526))	2018-11-21 23:00:39	2018-11-21 23:05:12
POLYGON ((108.94141 34.26977, 108.9417 34.26979, 108.94197 34.2698, 108.94208 34.2698, 108.94237 34.26979, 108.94245 34.26977, 108.94141 34.26977))	2018-11-28 14:43:40	2018-11-28 14:45:47
POLYGON ((108.97235 34.24859, 108.97237 34.2493, 108.97247 34.24933, 108.97249 34.24933, 108.9725 34.24932, 108.97235 34.24859))	2018-11-28 14:57:01	2018-11-28 15:01:20
POLYGON ((108.99569 34.27654, 108.99558 34.27712, 108.99558 34.27718, 108.9956 34.27735, 108.99567 34.27738, 108.99568 34.27728, 108.99569 34.27654))	2018-11-28 21:01:22	2018-11-28 21:03:32
POLYGON ((108.92489 34.25104, 108.92421 34.25106, 108.9243 34.25107, 108.92446 34.25108, 108.92462 34.25109, 108.9252 34.25106, 108.92526 34.25105, 108.92494 34.25104, 108.92489 34.25104))	2018-11-21 15:58:11	2018-11-21 16:00:26
POLYGON ((108.93917 34.25892, 108.93916 34.25907, 108.93921 34.25927, 108.93929 34.25936, 108.93947 34.25937, 108.94011 34.25934, 108.94014 34.25931, 108.93917 34.25892))	2018-11-23 13:05:31	2018-11-23 13:07:38
POLYGON ((109.00642 34.23879, 109.00635 34.23903, 109.00632 34.23917, 109.00628 34.24022, 109.00628 34.24027, 109.0064 34.24035, 109.00641 34.24032, 109.00642 34.23879))	2018-11-23 21:49:48	2018-11-23 21:51:52
POLYGON ((108.92554 34.26049, 108.92551 34.26054, 108.92554 34.26127, 108.92652 34.26094, 108.92575 34.2605, 108.92563 34.26049, 108.92554 34.26049))	2018-11-28 14:16:52	2018-11-28 14:18:54
POLYGON ((108.99698 34.25002, 108.99694 34.25076, 108.99696 34.25086, 108.99697 34.25073, 108.99698 34.25023, 108.99698 34.25002))	2018-11-23 19:18:20	2018-11-23 19:20:44
POLYGON ((108.96349 34.24253, 108.96341 34.24257, 108.96337 34.24266, 108.96337 34.24267, 108.96346 34.24339, 108.96364 34.2427, 108.96349 34.24253))	2018-11-28 15:58:59	2018-11-28 16:04:46
POLYGON ((108.93218 34.23979, 108.93217 34.24023, 108.93217 34.24063, 108.93218 34.24067, 108.93219 34.24052, 108.93219 34.24004, 108.93218 34.23979))	2018-11-28 14:33:27	2018-11-28 14:35:45
